22 11
1 0 0 0 0 0 0 0 0 0 0 0 0 0 0 0 0 0 0 0 0 0 0
1 1 0 1 1 0 0 0 1 0 1 1

8 4
1 0 1 0 0 0 1 0 0
1 0 0 0 1

10 8
1 0 0 0 1 0 0 0 1 0 1
1 0 1 0 0 0 1 0 0

11 10
1 1 0 1 1 0 0 0 1 0 1 1
1 0 0 0 1 0 0 0 1 0 1


6 4
1 1 1 0 0 0 1
1 0 0 0 0

12 1
1 0 1 1 0 1 0 0 1 1 1 0 1
1 1

4 1
1 1 0 0 0
1 1
8
1 0 0 0 0 0 1 0 0


12
1 0 1 1 0 1 0 0 1 1 1 0 1


30 24
1 1 1 0 1 1 1 1 1 0 0 1 0 0 0 0 0 1 0 1 0 1 0 0 0 1 0 0 0 0 1
1 0 0 0 1 0 1 0 0 0 1 0 0 0 0 0 1 0 1 0 1 0 0 0 1

28
1 0 0 0 1 0 1 0 0 0 1 0 0 0 0 0 1 0 1 0 1 0 0 0 1 0 0 0 0

30
